Classification Report: combined_top_features
Logistic Regression: 0.1511 ± 0.0269
SVM: 0.1578 ± 0.0191
Random Forest: 0.1156 ± 0.0194

=== Confusion Matrices ===

Logistic Regression:
25 4 1 0 0 0 0 0 0 0 0 0 0 0 0
10 7 5 2 2 0 1 1 0 2 0 0 0 0 0
6 2 9 1 2 4 0 0 5 0 0 1 0 0 0
0 3 5 3 4 0 1 1 3 1 1 1 2 3 2
1 1 6 3 0 2 0 1 1 6 2 1 1 2 3
0 1 9 3 0 1 0 1 6 0 0 6 0 0 3
0 2 2 2 3 1 0 1 3 2 3 2 6 2 1
0 1 5 2 1 2 2 0 1 2 2 3 3 3 3
0 0 7 2 2 4 0 1 5 0 1 4 0 0 4
0 1 1 1 3 0 3 0 2 2 3 5 3 4 2
0 2 2 0 0 1 0 1 1 3 2 4 3 7 4
0 0 7 1 0 1 0 0 3 1 2 5 1 2 7
0 1 4 0 0 0 2 1 2 4 3 4 3 3 3
0 1 2 1 3 1 1 1 2 1 4 3 5 2 3
0 0 4 0 3 1 0 1 2 2 1 4 5 3 4

SVM:
23 6 1 0 0 0 0 0 0 0 0 0 0 0 0
8 9 3 4 2 0 1 1 0 2 0 0 0 0 0
4 4 13 2 0 5 0 0 1 0 0 1 0 0 0
0 2 5 2 4 2 0 3 4 2 1 1 1 0 3
0 0 7 5 0 5 0 2 0 6 1 2 0 2 0
0 0 12 5 0 2 0 0 3 0 0 5 0 0 3
0 1 4 2 2 0 0 2 6 5 1 1 4 0 2
0 0 6 2 0 2 5 0 0 3 1 4 4 0 3
0 0 8 0 1 4 2 0 4 0 0 8 0 0 3
0 0 2 2 2 2 2 2 3 3 1 4 5 1 1
0 1 3 1 0 1 0 1 2 5 1 5 5 2 3
0 0 7 1 0 3 0 1 3 0 0 6 1 0 8
0 1 3 1 0 0 2 1 2 6 2 3 3 2 4
0 1 2 1 0 1 2 1 5 4 3 3 3 1 3
0 0 5 1 3 3 1 0 3 1 1 7 1 0 4

Random Forest:
23 6 0 1 0 0 0 0 0 0 0 0 0 0 0
9 8 3 4 3 0 0 2 0 1 0 0 0 0 0
4 2 9 3 1 4 0 1 2 0 1 2 0 0 1
0 2 3 1 8 4 1 1 4 1 1 0 0 2 2
0 1 4 6 0 2 4 5 4 2 0 0 0 1 1
0 0 2 3 4 3 0 2 8 2 1 3 1 0 1
0 0 0 1 3 1 0 5 5 7 1 3 2 0 2
0 1 1 1 2 3 4 0 5 1 3 1 4 2 2
0 0 0 3 3 7 4 3 0 1 1 4 1 3 0
0 0 0 1 1 3 2 4 3 1 4 3 4 0 4
0 1 0 0 1 1 0 3 4 3 0 4 5 6 2
0 0 1 1 0 2 2 0 2 1 3 1 4 5 8
0 0 1 2 2 0 1 1 1 6 3 5 1 3 4
0 0 2 1 3 1 0 1 3 2 4 5 6 2 0
0 1 1 1 1 0 0 1 1 1 1 9 5 5 3
